$ANSIBLE_VAULT;1.1;AES256
36383362663237383737366637343531613964316538346439323265653163363834333939393839
3238373265323939306366656466323239376335663531330a646536663639363764653965393863
36363034353738333034336432393164313133633039636663383463313165376332353239326533
3538636333613136350a633636373366623639333133616234666362663831653364343033383738
35613365643135396531336466393534376165303932396166633932616135356162343734303965
39636531306261616238613266653239613338643635356133366638636430303030616132653535
36363866366564663136646662316666653634313066633364656637623234663761323537653963
36663266346237383735306630396230303663646530323963343133636264386531346432633536
37376336636261383038333935353231303732666264353638663635653338326636313731306635
35383864653037393062643965363631386436656139386637383036366236636537366435363561
30613432613534653964386334623034323939343363336461376239396561346164333265343732
31326262663163313537626363303066633264376337326230393965336630376236613938613861
66636338343266646562323963656637656666386466383732323561396165653363636338666665
38353361663766626464663364323038313234373830636265653762623336653732626562336233
32373834626636636238623961326533313765653231613436313034383064626433386432303238
65646462653766656233356661653463376266303466656335336431346238636634386263393362
36353237316366333834343134316637323034366535396431636136396232366664356331353964
63656631383230326264313037623132666438626630643961316134663233363065383562333163
63316333396634346366636637303139353561343530343236643463306464616462643663323635
64616661346235353266366230376234633833303264643732303034336236643961653166306431
65363831616339396239316436393638643639666664306138303033303637623762376232636630
30336130633562353037643839636261373231386536396337343664356139663133363265643332
33333363623035306631323063326139613036326466616234343835303635343164343161353266
38336236663764396630616266633536633638373936656637303035643663613834666365333130
66316532363334383061623138616361343363613631656663663565646664326534333362353461
64363739366361626432333236633738386161616362366331333231653064336163636130633966
61653837333739616134646165653064643165616464363236353465626565333062393562356634
33663532613866333963656437353836343864666337623861313232316632353533386165323163
65343237623765386462343333626333656364346166343439316332393364353037653833613334
34363334646434396466303635376363626331626238346137666135316562636536386661653062
63636437666161383736363666626565363931633234336462326435323931353337386534663930
34663263386134636566646536323134316638396263346238336365666565383133636663303937
65643938643662383663326333653232663266343234393865343334323536316631636332383666
66356366353864313665323034366336363866303437376162333361363831323830336464613135
35303230633838396136323366613335393566333462663834326364383030376435653362313261
38616139623439393365613336643933366238313663393235373038633434643762613461316266
34353739633734306263316662616161636266663565323262656137356134656635366566323762
65626265613063393239396565373261613330656637393134623930316132643163333465346633
37386133366364393564393864313931666138623439383762303864653536323935316137333762
35383435623764653263633133303636306161353531636338343535633565356232396564336232
64653436346231363036623836396339623838626139363933303061313462366135643236626330
65643237356164313039326566373335363138383133643234643132353737643866366130376133
62363732666139386266616133663430326333383462306161373831633730613131393738346339
37306339376261356439366137333464326465626135393064396663393731636465356130306461
65663832646161613266656664323135396166623564313837616562656635313031613133356363
63663235663231313264626638346261623066303762646561623636313562626634616363653238
33393461343338653065636363336435616636376565343362356262353838383532356565356430
32363864323632353666613461353336616138356532313766343930373337633837316133666464
35333635306333383430343862363930613033363263623364643534616164346330303465373165
30613464636233363262396364353637653930633830313465386438393233373062303661396466
37383133623261356338633030653035313239343466383630653435396138633162393365653564
61376131316332316339663064346331346138663661623739353738326234396635303237363762
35306564663535323964396365313435383530316333653866643962363762346266393433386664
66343239386232323330373362336232633632643535616532313833613563313633646263333166
36396534616462356437623465356261383731303933613234623563393762323665363633376430
65356438323236663236323530633130346464393631353162623439643162333630333334343731
31623265353561323332616138633439653639643838303631353732336463333535393561663563
64353736363834353063663333396635336663373733653863646561336236666436373463363365
39343137336266656138363536393934353032393232383966303733303731663964313436313736
31353936333433353139333836373931303031663131393066373436616339363864663964346364
65336165633134323630396639376561636634323034373435333263303538353434323364363339
32306136623531313431613864663732633538313362373434353236346563613035623533326335
65366130313734323366393337313939623631303338333837656466623039383962326461343765
31393737373033373034613035323534336365396232386365353930336361663639623937393236
65633061643462616639373331313934346534383635386364343332663239326330623036653537
39356639363765396266376332623839613866303661623661333339653634613039383735363332
63613830326236386232346336396538373333333234633835393966366265633062313937313031
36343530393362396334643061623731316266306435663935313336373762383032363738326636
34323961313733646534613938653330343533323765666636646634656337633638346534323665
61363464313166343337616364396634643038646335316532363563386333643035336465656465
36346363633034393631373564323131316561646237366461363561373361613330383038313030
39643136333633383333303064636364646233613336653764393865346661643665666230626261
39333635653732633062363831633030636439386134393766636538333738343431616333333432
30326332323133363165623130323339626466373562393039616434303933313636373133356136
64636534653366393932333034383931613337636234356238616665393762313364303934326230
65626636646461373931613039623135623164666335656539346465386533633132633961613564
66313538306166623637646138643163393435386431363864353865323466363437303663613531
62663033333633366361623435633239386465363363626165623864613564343232643865343839
30306339313537303934353437633238333939383762316664306334643239373533353863306634
66323436616138393339643662633662636666666539363137353966623339613363636333333739
30356631646464616639323439636337653939646138663337333833353738626163313064306235
37646533393635643239623463663334326336396162363266316266626334393039646663666664
62376264653763373938626339613831636136623062353863626537633731633938326332313264
35623830653438323930633231663030313566633134326436326237656238363732353564636632
66663438363965303632373734343334616463303865646336343466613335316266636232313864
66663861666364363836346431656137303533383334303135313964303432313138333361633331
65616430336434623461343965363237376565653735613863613735306336383933633632343162
65313137633034323131353432376434396266653734393966373433316534623632363666643730
65336164663231393762356362366138633638353236376261656331613361393066393262613235
37623366383964346632353334333763336536656637383834386533633236323231363564306363
36613437646530646162333865376534323534396435333563393431396338616432343630356630
34346131356136383633313739633138356234623165656430633061326337633433393737383937
38653966643839633233653238323662643964333961663436356631363564613332383463613631
34333834326337323331303861653637383831323335383462666636343338306561623166383636
38623136303165393463343639326264613035313435363361386236363334613730336339323161
33376564336230653136666230643266653866323335363962633439646237623739613763336166
38366639653665633866366331663330303539366564343263373866353339323361653139363532
32393462396138626239316234353663616263646634396535373465386661393734613336363436
61353331626531366132666434313932366135636338633934663138636166343133326530356335
62643537356463356332626463393434353930366338356234613139353132383035393431353237
33663135326530626262383261366663646161363162633864343938386639356139626665613733
30363333653963326163326232323139316364376638393439646561396130343766636466326632
33363435613636663533306365613161616238643738393562383561303637616634323439646331
38613663373831633032353566376538663763623461363930313963393864303030346566646436
37343738623234306366643063356335656430346261376633356432393738356538353039323931
61323663306534306438386539333439313264363931366534323462613964613133666133616331
33306361363930316437633064646561383537386533613365623930666334376138616131363835
30336362653663333764613961653230383138316666303663323164323339326162616636366635
61386164613430363539306537393133626261336538383033663030386432313264323563386365
37616437376537366638356639623735636136396561356364623230376635363264366539636331
34646134366136336430656631306532333461316266343530303532336432346135343131323835
36623935666136383164633332303536353934316638643562343866623237383765643636363666
33346333613737623636383735623433393131633161356238346234616330363338326131393236
36326566653561303065643032343739393333616663656166386230313233653533626465383264
62383066396663326632353165386636393934303764386266393466616635623733333630316664
66653265323333386465386137393830373362616638363131666431636437656131393865306239
65663837313330643631363261393363346238313338313437653231313136316338303131633461
35343364623235616461366139643738623931353537653438663964393235643061646465623038
61393862636464373636313763353466613737646264386335643832316539313436623032663164
32363336653263353461663662313336363761346363383039663863653131333137656633643865
65363266346233343062396665353638643031636230613433393633343335363237316236316636
36633063303635633739366237313966623662636465326566393461616337633835646563306431
64356330623930633730323563393261623838316236666336356530633338613232393430353536
39363234343832343435666235393361663639346435653539306535316361333235636462343737
39376664353533373166383134643266626330333765363866373033626335383939363165616237
64666331313865383664393630626530313438653331326438653239333364343933616431306639
37303835353838366537303062313437396630306135393263646437303935363861646462316231
61343430623133393161393835376538386139326638663934636530386665306431326261623536
31613937386233306632393230613533626439646633383931363135666637386137346139666366
30623234616536666366333265343730373533353432623731326535346262653864333833666664
39643634633937306662373138313034356537623234373934666534656337393537343465356536
34653838383332613439386534386231396163366233393463396563626439343565336335393234
38356564383238363738346463663531623764633933616435373537626531666632383538393961
3266353766643663306537373931376164373162646362393063
